      0/99     1.11G      6.03        93      52.7       152         8       416  0.000235       0.5  0.000415  0.000471      5.36      88.6      51.9
      1/99     1.11G      5.94      93.3      53.1       152        13       416  0.000235       0.5  0.000415  0.000471      5.36      88.6      51.9
      2/99     1.11G      7.06      29.8      43.1        80        11       416         0         0         0         0       7.2      8.95      26.3
      3/99     1.11G      6.98      1.37      29.7      38.1        12       416         0         0         0         0      7.57      2.45        36
      4/99     1.11G      6.87      2.18      19.9        29         5       416         0         0         0         0      8.53       1.8      12.9
      5/99     1.11G       7.7      2.04      11.1      20.8        10       416         0         0         0         0      9.93      1.42      15.9
      6/99     1.11G       6.9      2.07      8.31      17.3         8       416         0         0         0         0      8.76      1.71        18
      7/99     1.11G      7.33      1.74      14.2      23.2         9       416         0         0         0         0      10.8     0.879        32
      8/99     1.11G      6.41      2.89      9.22      18.5        12       416    0.0225     0.125    0.0179    0.0381      9.29      5.82      47.8
      9/99     1.11G      6.07       2.8      9.93      18.8        11       416    0.0114     0.125   0.00311    0.0209      10.9      14.4      92.9
     10/99     1.11G      6.37      2.85      10.6      19.9        11       416         0         0         0         0      10.4      22.1      77.5
     11/99     1.11G       6.2      3.11      6.47      15.8         9       416   0.00427    0.0625   0.00893   0.00799      10.4      32.4      60.7
     12/99     1.11G      6.33      2.22      7.92      16.5         7       416         0         0         0         0      9.77       140       126
     13/99     1.11G      6.67      2.09      10.5      19.2        11       416         0         0         0         0      12.5       375       352
     14/99     1.11G      5.91      3.06      11.9      20.9         9       416         0         0  0.000585         0      9.59       427       367
     15/99     1.11G      6.71      2.15      11.2        20         5       416  0.000662    0.0625  0.000428   0.00131      9.04  1.13e+03       167
     16/99     1.11G       6.1      2.12      6.59      14.8         7       416         0         0         0         0      11.6  1.73e+03       254
     17/99     1.11G      5.48      2.63      11.1      19.2        14       416         0         0         0         0      12.5  2.04e+03       652
     18/99     1.11G      6.15      1.82      6.19      14.2         6       416         0         0         0         0      12.4       450       521
     19/99     1.11G      5.66       1.9      7.78      15.3         8       416         0         0         0         0      11.8       129       427
     20/99     1.11G       5.5      1.88      7.31      14.7        12       416         0         0         0         0      10.7      81.8       450
     21/99     1.11G      5.61      1.85      5.24      12.7         7       416         0         0         0         0      11.4      30.3       428
     22/99     1.11G      5.25      2.84      7.45      15.5        15       416         0         0         0         0      10.4      3.13       272
     23/99     1.11G      5.94      1.88      3.53      11.3         7       416         0         0         0         0      12.1     0.439       433
     24/99     1.11G      6.05      1.67      6.33      14.1         9       416         0         0         0         0      12.1  0.000479       611
     25/99     1.11G      5.78         2      5.39      13.2         9       416         0         0         0         0      10.8  0.000335  1.62e+03
     26/99     1.11G      5.39      1.63      11.6      18.6         8       416         0         0         0         0      11.8       1.4       862
     27/99     1.11G      5.51      1.91         5      12.4         9       416         0         0         0         0      12.5     0.678       476
     28/99     1.11G      5.32      1.74      6.99      14.1        11       416         0         0         0         0      11.5      6.22       311
     29/99     1.11G      4.85      2.08      7.21      14.1         9       416         0         0         0         0      12.4      16.5       483
     30/99     1.11G      5.68      1.53      6.75      13.9         9       416         0         0         0         0      11.1        80       645
     31/99     1.11G      5.48      1.57      3.35      10.4        10       416         0         0         0         0      10.5      51.2       655
     32/99     1.11G      5.09       1.5      3.97      10.6        11       416         0         0         0         0      10.8      18.1       816
     33/99     1.11G      5.09      1.74      4.57      11.4         8       416         0         0         0         0      12.3      13.8       818
     34/99     1.11G      5.18      1.93       2.2      9.31        17       416         0         0         0         0      12.3      13.4       900
     35/99     1.11G      6.33      1.03      4.42      11.8         6       416         0         0         0         0      11.9      13.1       915
     36/99     1.11G         5      1.56      6.48        13        14       416         0         0         0         0      10.3      20.6       784
     37/99     1.11G      5.63      1.11       3.1      9.84         7       416         0         0         0         0      11.9      22.3       674
     38/99     1.11G      5.88     0.948      3.11      9.94         7       416         0         0         0         0      10.3      19.4       736
     39/99     1.11G      5.58      1.63     0.953      8.17         7       416         0         0         0         0      9.97      13.6       849
     40/99     1.11G       5.1       1.3      3.92      10.3        10       416         0         0         0         0      9.98      10.6  1.09e+03
     41/99     1.11G      5.05      1.66      4.95      11.7        15       416         0         0         0         0      12.2      3.54  1.63e+03
     42/99     1.11G      4.91      1.44      1.82      8.17        13       416         0         0         0         0      10.3      1.52  1.68e+03
     43/99     1.11G      4.75      1.34      3.43      9.52         9       416         0         0         0         0      10.3      1.26  1.74e+03
     44/99     1.11G      4.86      1.28      2.58      8.71         6       416         0         0         0         0      11.4      1.15  1.64e+03
     45/99     1.11G      4.44      1.96         5      11.4        15       416         0         0         0         0      10.3      1.36  1.67e+03
     46/99     1.11G      4.21      1.36      2.86      8.44        14       416         0         0         0         0      10.3      1.33  1.58e+03
     47/99     1.11G      4.13      1.47      2.75      8.34         9       416         0         0         0         0      11.4      1.67  1.49e+03
     48/99     1.11G      4.72       1.3      3.27      9.29        12       416         0         0         0         0      10.3      2.24  1.53e+03
     49/99     1.11G      4.21      1.31      6.66      12.2        12       416         0         0         0         0        11      3.68  1.18e+03
     50/99     1.11G      4.63      1.03      3.78      9.44         8       416         0         0         0         0      11.4      5.27       635
     51/99     1.11G      4.22      1.21      3.02      8.45        10       416         0         0         0         0      11.8      12.2       317
     52/99     1.11G      4.13      1.13      3.55      8.81        10       416         0         0         0         0      10.6      14.1       202
     53/99     1.11G      3.78      1.44      4.95      10.2        12       416         0         0         0         0      12.2      11.5       126
     54/99     1.11G      4.03      1.26      4.79      10.1        10       416         0         0         0         0      11.4      22.3       114
     55/99     1.11G      3.69      1.69      1.16      6.54        16       416         0         0         0         0      10.3        24        90
     56/99     1.11G      3.63      1.34      3.56      8.53        15       416         0         0         0         0      10.6      27.5      94.7
     57/99     1.11G      3.62      1.34      3.37      8.34         9       416         0         0         0         0      10.4      24.9      89.6
     58/99     1.11G      3.62      1.29      3.24      8.15        11       416         0         0         0         0      10.2        25      92.1
     59/99     1.11G      3.62      1.39      2.37      7.38        12       416         0         0         0         0      10.1      22.1       115
     60/99     1.11G      3.65      1.34         3      7.98         9       416         0         0         0         0      10.1      18.5       115
     61/99     1.11G      3.59      1.35      2.04      6.99         7       416         0         0         0         0      10.4      16.8       114
     62/99     1.11G      3.82      1.06      2.51       7.4         5       416         0         0         0         0      9.82      14.4      98.6
     63/99     1.11G      3.51      1.29       2.3       7.1        12       416         0         0   0.00312         0      9.79      12.1      88.3
     64/99     1.11G      3.57      1.15      2.92      7.64         9       416         0         0   0.00484         0      10.1      10.4      80.7
     65/99     1.11G      3.35      1.27      2.51      7.14         9       416         0         0         0         0      9.61      8.82      76.4
     66/99     1.11G      3.28      1.33      1.61      6.22        10       416         0         0   0.00561         0      9.19      7.69      68.2
     67/99     1.11G      3.06       1.5      1.97      6.52        14       416   0.00567    0.0625    0.0077    0.0104      9.01      6.69      59.1
     68/99     1.11G         3      1.13      1.21      5.34        11       416   0.00566    0.0625   0.00819    0.0104       8.8      5.79      51.3
     69/99     1.11G      3.26      1.22      3.03       7.5         9       416   0.00593    0.0625   0.00813    0.0108      8.58      5.19      45.8
     70/99     1.11G      3.17     0.992       1.1      5.26        10       416   0.00627    0.0625    0.0099    0.0114      8.45       4.8      40.1
     71/99     1.11G      3.12      1.46      1.56      6.14        15       416   0.00626    0.0625    0.0104    0.0114      8.37       4.2      35.7
     72/99     1.11G      3.37     0.997     0.935      5.31         7       416   0.00634    0.0625     0.012    0.0115      8.29      3.91        33
     73/99     1.11G      3.05      1.22      1.66      5.92        10       416   0.00627    0.0625   0.00964    0.0114      8.06      3.59      30.3
     74/99     1.11G      3.05      1.28      1.26      5.59        13       416         0         0   0.00515         0      8.19      3.37      28.4
     75/99     1.11G      3.07      1.07      1.66       5.8        10       416         0         0         0         0      8.15      3.14      26.6
     76/99     1.11G       3.2      1.11      1.66      5.98         8       416   0.00687    0.0625   0.00272    0.0124      7.88      3.05      24.8
     77/99     1.11G         3      1.18      3.24      7.41        11       416         0         0         0         0      7.94      2.81      22.7
     78/99     1.11G      3.09      1.15       1.9      6.13        11       416     0.016      0.25    0.0104    0.0301      7.72      2.66      20.8
     79/99     1.11G      2.98      1.14      2.54      6.66         8       416     0.017      0.25   0.00893    0.0318      7.55      2.52      18.9
     80/99     1.11G      3.15     0.958     0.615      4.73         8       416    0.0242     0.312    0.0117    0.0446      7.12       2.4      18.1
     81/99     1.11G      3.04      1.35      2.47      6.85        11       416    0.0259     0.312    0.0112    0.0476      6.97      2.27        17
     82/99     1.11G       2.8     0.995      1.22      5.02         6       416    0.0255     0.312    0.0329     0.047      6.89      2.32      16.3
     83/99     1.11G      3.09      1.36      1.38      5.83        13       416    0.0176      0.25    0.0276    0.0329      6.95      2.34      15.5
     84/99     1.11G      3.04      1.22      1.48      5.74        14       416    0.0181      0.25    0.0276    0.0338      6.84      2.31      14.6
     85/99     1.11G      2.92      1.11      3.26      7.29         9       416    0.0265     0.312     0.027    0.0485      6.62      2.28      14.1
     86/99     1.11G      3.15     0.923       2.2      6.27         9       416     0.034     0.375    0.0419    0.0619      6.47      2.24      13.5
     87/99     1.11G      2.85      1.14       1.6      5.59         6       416    0.0339     0.375    0.0445    0.0618      6.33       2.2      13.1
     88/99     1.11G      2.81      1.23      1.56       5.6        13       416    0.0361     0.375    0.0434    0.0652      6.19      2.15      12.7
     89/99     1.11G       2.9      1.28      2.83      7.01        12       416    0.0359     0.375    0.0456    0.0647      6.07       2.1      12.3
     90/99     1.11G      2.94      1.44      3.04      7.42        14       416     0.038     0.375    0.0461    0.0683      5.92      2.07        12
     91/99     1.11G      3.18      1.07      3.32      7.57         8       416    0.0361     0.375    0.0428    0.0652      5.78      2.05      11.7
     92/99     1.11G      2.77     0.994     0.869      4.63         6       416    0.0269     0.312     0.028    0.0493      5.69      2.02      11.4
     93/99     1.11G      2.96       1.2     0.743       4.9         9       416    0.0271     0.312    0.0297    0.0495      5.59         2        11
     94/99     1.11G      2.94      1.13      2.15      6.23         8       416    0.0279     0.312    0.0319     0.051      5.49      1.98      10.7
     95/99     1.11G      2.97      1.08      2.66       6.7        13       416    0.0287     0.312    0.0345    0.0523       5.4      1.95      10.4
     96/99     1.11G      2.83       1.2      1.17      5.21         7       416    0.0288     0.312    0.0345    0.0526      5.32      1.93      10.2
     97/99     1.11G         3      1.29      1.29      5.58         9       416    0.0286     0.312    0.0346    0.0522      5.23      1.91       9.9
     98/99     1.11G      2.95      1.11      2.45      6.52        13       416     0.029     0.312    0.0317    0.0528      5.16       1.9      9.66
     99/99     1.11G      2.85      1.07      4.08         8         8       416    0.0291     0.312    0.0306    0.0529      5.09      1.88      9.41
