     0/299     1.89G       5.6      4.82      15.8      26.2        18       416   0.00746   0.00962   0.00581    0.0084      5.24      5.54      30.1
     1/299     2.33G      4.17      2.09      9.86      16.1        24       416   0.00787     0.179    0.0231    0.0142      5.61      5.43      20.7
     2/299     2.33G      3.61      1.82      8.78      14.2        21       416    0.0199    0.0477   0.00844     0.028      6.76      4.07      31.4
     3/299     2.33G      3.33      1.16         7      11.5        13       416     0.135     0.103    0.0609    0.0948      5.42      1.61      20.4
     4/299     2.33G      3.11      1.14      6.47      10.7        25       416    0.0417     0.115    0.0346    0.0492      4.25      1.41      16.3
     5/299     2.33G      3.08      1.11      5.55      9.74        31       416     0.128    0.0866    0.0875    0.0954       3.8      1.56        20
     6/299     2.33G         3      1.13      4.62      8.76        23       416      0.19     0.114      0.11     0.108       3.7      1.41      11.8
     7/299     2.33G      2.83      1.12      4.55       8.5        20       416     0.228     0.174     0.145     0.145      3.37      1.27      14.4
     8/299     2.33G      2.83       1.1      3.82      7.75        30       416     0.164      0.19     0.146     0.168      3.27      1.19      8.67
     9/299     2.33G      2.83      1.08      3.91      7.82        17       416     0.209     0.115     0.157     0.121      3.08      1.68      11.9
    10/299     2.33G      2.79      1.04      3.54      7.36        15       416      0.19     0.189     0.178     0.169       3.3       1.2      10.2
    11/299     2.33G      2.65      1.12      3.32      7.09        49       416     0.281     0.252     0.228      0.24      2.88      1.16      8.25
    12/299     2.33G       2.8      1.02      3.31      7.12        20       416     0.478     0.172     0.251     0.233      2.89      1.46      8.96
    13/299     2.33G      2.61      1.06      3.08      6.75        18       416     0.305     0.337     0.271     0.312         3      1.11        11
    14/299     2.33G      2.71     0.995      2.75      6.45        19       416     0.249     0.218     0.213     0.214      3.36      1.11      11.6
    15/299     2.33G      2.53      1.02      2.83      6.37        20       416     0.436     0.364     0.297     0.346      2.85      1.09      8.66
    16/299     2.33G      2.59      1.03      2.43      6.05        18       416     0.461     0.342     0.336     0.356      2.73      1.16      10.8
    17/299     2.33G      2.56      1.04       2.4         6        22       416     0.331     0.391     0.349     0.329      2.74      1.09      7.83
    18/299     2.33G      2.54      1.03      2.52      6.09        22       416     0.378     0.193     0.239      0.23      2.84      1.48      15.2
    19/299     2.33G      2.56     0.962      2.31      5.83        23       416     0.408     0.243     0.268     0.297      2.91       1.4      11.7
    20/299     2.33G      2.42         1      2.53      5.95        22       416     0.413     0.354     0.299     0.334      2.67      1.16      11.2
    21/299     2.33G      2.54     0.971       2.2      5.71        26       416     0.589     0.403     0.421      0.41      2.76      1.07       8.3
    22/299     2.33G      2.47     0.986      2.14      5.59        19       416     0.416     0.397     0.431     0.396      2.65      1.05      7.14
    23/299     2.33G      2.45     0.959      2.15      5.55        25       416     0.335     0.466     0.381     0.371      2.63      1.04      6.77
    24/299     2.33G      2.45     0.976      2.09      5.51        23       416     0.318     0.457     0.385     0.363      2.66         1      12.7
    25/299     2.33G      2.45     0.937      1.75      5.14        19       416     0.338     0.439      0.34     0.348      2.53      1.06      8.52
    26/299     2.33G      2.46     0.951      2.06      5.47        28       416     0.325     0.388     0.353     0.331      2.59      1.01      8.46
    27/299     2.33G      2.39     0.962      1.79      5.15        31       416     0.426     0.353     0.367     0.353      2.69      1.06      9.82
    28/299     2.33G      2.46     0.963      1.78      5.21        30       416     0.494     0.397     0.359     0.395      2.51      1.13      10.6
    29/299     2.33G      2.43      0.95      1.79      5.16        18       416     0.419     0.317     0.374     0.319      2.71      1.04       7.7
    30/299     2.33G      2.38     0.917      1.66      4.96        25       416     0.424     0.441     0.387     0.412      2.43      1.01      6.64
    31/299     2.33G      2.37     0.924      1.49      4.79        32       416     0.426     0.541     0.457     0.457      2.41     0.972      6.42
    32/299     2.33G      2.28     0.938      1.54      4.76        27       416     0.493     0.473     0.427      0.43      2.52     0.985      5.96
    33/299     2.33G       2.3     0.924      1.66      4.88        21       416     0.426     0.522     0.429     0.435      2.38     0.976      7.09
    34/299     2.33G      2.35     0.901       1.6      4.85        22       416     0.376     0.437     0.409     0.387      2.38     0.962      9.44
    35/299     2.33G      2.29     0.912      1.63      4.84        23       416     0.549     0.595     0.503     0.515      2.48     0.923      7.36
    36/299     2.33G      2.33     0.917      1.38      4.63        19       416     0.518     0.379      0.37     0.379      2.47      1.02      10.5
    37/299     2.33G      2.32       0.9      1.32      4.54        15       416     0.481     0.486     0.428      0.46      2.36     0.953      8.38
    38/299     2.33G      2.27     0.912      1.41      4.59        19       416     0.448     0.517     0.417     0.411      2.42     0.943      7.01
    39/299     2.33G      2.27     0.904      1.51      4.69        21       416     0.467     0.468     0.447      0.46      2.36     0.984       8.5
    40/299     2.33G      2.22       0.9      1.49      4.61        20       416     0.428     0.459     0.455     0.435      2.26      0.98      6.14
    41/299     2.33G      2.26     0.871      1.37       4.5        22       416     0.396     0.339     0.408     0.351      2.83         1      6.65
    42/299     2.33G      2.23     0.883      1.51      4.63        33       416     0.511       0.5     0.495     0.489      2.32     0.966       5.5
    43/299     2.33G       2.2     0.916      1.42      4.54        24       416     0.607     0.329     0.405      0.37      2.47      1.07      8.96
    44/299     2.33G      2.24     0.868      1.32      4.43        29       416     0.541     0.573     0.496     0.499      2.61     0.907      7.55
    45/299     2.33G      2.24     0.921      1.35      4.52        29       416     0.444     0.495     0.478     0.462      2.44     0.926      8.03
    46/299     2.33G      2.16     0.873      1.36       4.4        19       416     0.493     0.469      0.43     0.421       2.3     0.953       9.7
    47/299     2.33G      2.14     0.866      1.33      4.34        29       416     0.459     0.502      0.49     0.474      2.31     0.946      7.45
    48/299     2.33G      2.31     0.846      1.12      4.28        19       416     0.513      0.54     0.484     0.464      2.48     0.897       6.9
    49/299     2.33G      2.14     0.884      1.22      4.24        22       416     0.465     0.559     0.522     0.504      2.29     0.894      7.76
    50/299     2.33G      2.15     0.873      1.28      4.31        20       416     0.447     0.491     0.464     0.447      2.36     0.939      6.56
    51/299     2.33G      2.19      0.85       1.1      4.14        22       416     0.576     0.483     0.488     0.462      2.28     0.944      8.36
    52/299     2.33G      2.13     0.845      1.11      4.08        22       416     0.414     0.461     0.402     0.428      2.26      0.98      7.18
    53/299     2.33G      2.07     0.869      1.06         4        25       416     0.473     0.418     0.407     0.406      2.32      1.04      7.47
    54/299     2.33G      2.14     0.864      1.08      4.09        27       416     0.484      0.39     0.412     0.376      2.26      1.02      8.04
    55/299     2.33G      2.16     0.866      1.35      4.37        22       416     0.495     0.378     0.394     0.407      2.33      1.01      8.73
    56/299     2.33G       2.1     0.831      1.03      3.96        17       416     0.397     0.448     0.406     0.393      2.36     0.976      7.77
    57/299     2.33G      2.11     0.857      1.18      4.15        20       416     0.567     0.454     0.455     0.486      2.33     0.954      6.84
    58/299     2.33G      2.17     0.828     0.873      3.87        26       416     0.496     0.596     0.559     0.509      2.32     0.889      6.72
    59/299     2.33G      2.08     0.845      1.01      3.93        20       416     0.391     0.543     0.479     0.426      2.24      0.94      7.02
    60/299     2.33G      2.13     0.824      0.99      3.94        24       416      0.48      0.58     0.519     0.498      2.26     0.917      6.47
    61/299     2.33G      2.07     0.843      1.25      4.16        24       416     0.449     0.591     0.542       0.5      2.15     0.883      6.09
    62/299     2.33G      2.07     0.857      1.16      4.08        22       416     0.592     0.518     0.502     0.496      2.24     0.922      8.38
    63/299     2.33G      2.07     0.808      1.21      4.09        23       416     0.528     0.495     0.513     0.478      2.29     0.942      7.84
    64/299     2.33G      2.04     0.825      1.13      3.99        17       416     0.488     0.586     0.511      0.47      2.25     0.939      7.69
    65/299     2.33G      2.03      0.84      1.11      3.98        23       416     0.485     0.517     0.528     0.472      2.32     0.983      8.73
    66/299     2.33G      2.06     0.856      1.12      4.03        29       416     0.495     0.504     0.482     0.487      2.35     0.992      8.72
    67/299     2.33G      2.05     0.834      1.12      4.01        23       416     0.545     0.582     0.527     0.495      2.26     0.909      8.35
    68/299     2.33G      2.07     0.847      1.01      3.93        17       416     0.471     0.583     0.517      0.51      2.35     0.892      7.22
    69/299     2.33G      2.01     0.834      1.14      3.99        18       416     0.524     0.433     0.485     0.454       2.3         1      8.84
    70/299     2.33G      2.02     0.835      1.17      4.03        22       416     0.454     0.592      0.54     0.507      2.17     0.885      7.54
    71/299     2.33G      2.09     0.796      1.03      3.92        19       416     0.461     0.599     0.547     0.501      2.18     0.915      6.41
    72/299     2.33G      1.99     0.801     0.869      3.65        27       416     0.568     0.556      0.53     0.511      2.25     0.883      6.09
    73/299     2.33G      2.01     0.798      1.05      3.86        22       416     0.595     0.618     0.591     0.559      2.16     0.897      6.38
    74/299     2.33G      1.94     0.828     0.969      3.74        30       416     0.533     0.595     0.569     0.552       2.1     0.896      5.61
    75/299     2.33G      2.05     0.815     0.849      3.71        20       416     0.526     0.616     0.577     0.535      2.23     0.882      5.21
    76/299     2.33G      1.99     0.834      0.97      3.79        31       416     0.633     0.593     0.567     0.572       2.2     0.918      5.92
    77/299     2.33G      1.96     0.831     0.944      3.73        19       416     0.483     0.511     0.479     0.489       2.2     0.939      7.68
    78/299     2.33G      1.96     0.797      1.01      3.76        19       416     0.621     0.498     0.515     0.517      2.23     0.952      8.44
    79/299     2.33G      1.95     0.803     0.835      3.59        21       416     0.562     0.582     0.544     0.521       2.2     0.905      6.92
    80/299     2.33G      1.93     0.783     0.846      3.56        24       416     0.461     0.535     0.543     0.489      2.13     0.906      6.57
    81/299     2.33G      1.99     0.803     0.937      3.73        27       416     0.572      0.57     0.513     0.513      2.21     0.902      7.05
    82/299     2.33G      1.95     0.805     0.994      3.75        32       416     0.538     0.482     0.536     0.501      2.16     0.929      7.96
    83/299     2.33G      1.96      0.79     0.742      3.49        27       416     0.505     0.546     0.544     0.517      2.21     0.934      6.71
    84/299     2.33G      1.97     0.814     0.904      3.69        27       416      0.54     0.579     0.548     0.549      2.12     0.931      6.52
    85/299     2.33G      1.92     0.798     0.922      3.64        26       416     0.457     0.506     0.508     0.467      2.14     0.893      6.87
    86/299     2.33G      1.99     0.795     0.715      3.51        24       416     0.548     0.536     0.566      0.53      2.31     0.896      7.27
    87/299     2.33G      1.91     0.806      1.03      3.74        16       416     0.493     0.595     0.555     0.533      2.11     0.908       7.5
    88/299     2.33G      1.94     0.822     0.879      3.64        18       416      0.47     0.536     0.503     0.487      2.15     0.938       7.5
    89/299     2.33G      1.91     0.801     0.802      3.51        24       416     0.657     0.581     0.579      0.57      2.13     0.903      7.62
    90/299     2.33G      1.88     0.781     0.919      3.58        22       416     0.542      0.53     0.541     0.504      2.23     0.878      9.08
    91/299     2.33G      1.91     0.773     0.715       3.4        18       416     0.661     0.664     0.601     0.611       2.1     0.888      6.87
    92/299     2.33G      1.89     0.795     0.931      3.61        28       416      0.61     0.613     0.571      0.57      2.12     0.896      6.82
    93/299     2.33G      1.89     0.758      0.66      3.31        23       416     0.597     0.585     0.569     0.541      2.29     0.892      6.75
    94/299     2.33G      1.93     0.797     0.684      3.41        16       416     0.552     0.641     0.625     0.587      2.11     0.892       7.2
    95/299     2.33G      1.91     0.791     0.713      3.41        21       416     0.522      0.61     0.578     0.553      2.14     0.926      7.44
    96/299     2.33G      1.89     0.776      0.61      3.27        35       416     0.494     0.556      0.56     0.516      2.25      0.89      7.68
    97/299     2.33G      1.86      0.78     0.599      3.24        21       416     0.482     0.614     0.562     0.526      2.11     0.883      7.99
    98/299     2.33G      1.88     0.803     0.817       3.5        32       416     0.645     0.667     0.615     0.601      2.08      0.89       4.9
    99/299     2.33G      1.86     0.779     0.759       3.4        23       416     0.628     0.594     0.575     0.552       2.1     0.906      6.12
   100/299     2.33G      1.91     0.805      0.88       3.6        31       416     0.601     0.392     0.463     0.438      2.32      1.04      9.32
   101/299     2.33G      1.86     0.769     0.894      3.52        24       416     0.512     0.542     0.535     0.522      2.16     0.921      8.22
   102/299     2.33G      1.83     0.749     0.893      3.47        20       416     0.555     0.567     0.555     0.557      2.11     0.883      7.58
   103/299     2.33G      1.83      0.79     0.793      3.42        18       416     0.636     0.587     0.582     0.564       2.1     0.863      6.79
   104/299     2.33G      1.82     0.758      0.56      3.14        21       416     0.574      0.59     0.586     0.548      2.23     0.882      6.23
   105/299     2.33G      1.86     0.792     0.748       3.4        31       416     0.498     0.548     0.548     0.519      2.08     0.894      7.31
   106/299     2.33G       1.8     0.762     0.677      3.24        32       416     0.543      0.57     0.554     0.552      2.12      0.92      7.02
   107/299     2.33G      1.81     0.771     0.756      3.34        21       416     0.622      0.57     0.539     0.553      2.16     0.916      6.91
   108/299     2.33G      1.77     0.776     0.595      3.14        25       416     0.633     0.648     0.647     0.614      2.13     0.886      5.44
   109/299     2.33G      1.81     0.733     0.673      3.22        26       416      0.64     0.665      0.62     0.594      2.13     0.905      6.58
   110/299     2.33G       1.8     0.756     0.648       3.2        25       416     0.596      0.64     0.571     0.562      2.09      0.93      6.41
   111/299     2.33G      1.77     0.737     0.458      2.96        19       416     0.579     0.668     0.637      0.59      2.04     0.882      5.42
   112/299     2.33G       1.8     0.765       0.8      3.36        30       416     0.616     0.642     0.607     0.574      2.09     0.868      6.58
   113/299     2.33G      1.77     0.751     0.662      3.18        20       416     0.512     0.644     0.611     0.567      2.05     0.878      7.06
   114/299     2.33G      1.77     0.715     0.671      3.16        17       416     0.553     0.617     0.622     0.581      2.11     0.922      6.82
   115/299     2.33G      1.74     0.779     0.666      3.19        30       416     0.535     0.643      0.63      0.58      2.17      0.88      6.56
   116/299     2.33G      1.77     0.746     0.618      3.13        25       416     0.636     0.583     0.588     0.564      2.17     0.943      7.09
   117/299     2.33G      1.82     0.747     0.646      3.21        24       416     0.648     0.636     0.634     0.591      2.07     0.877      6.63
   118/299     2.33G      1.77     0.753     0.627      3.15        21       416     0.619     0.644     0.616     0.579      2.05     0.875      6.34
   119/299     2.33G      1.74     0.747     0.611      3.09        29       416     0.623     0.587     0.593     0.557      2.15     0.869      6.21
   120/299     2.33G      1.76     0.741     0.711      3.21        21       416     0.622     0.588     0.589     0.562      2.09     0.879      7.15
   121/299     2.33G      1.72      0.75     0.569      3.04        22       416     0.629     0.655     0.626     0.599      2.09     0.864      6.47
   122/299     2.33G      1.75     0.753     0.539      3.04        29       416     0.514     0.531     0.523     0.512      2.18     0.898      7.22
   123/299     2.33G      1.73     0.755     0.446      2.94        25       416      0.61     0.552     0.571     0.536      2.14     0.876      6.64
   124/299     2.33G      1.72     0.733     0.468      2.93        25       416     0.502     0.591     0.587     0.536      2.06     0.899      6.71
   125/299     2.33G      1.74     0.731     0.577      3.05        24       416      0.66     0.619     0.648     0.593       2.1     0.896      6.78
   126/299     2.33G      1.72     0.735     0.511      2.96        20       416     0.632     0.627     0.629      0.58      2.06     0.898      6.59
   127/299     2.33G      1.69     0.735     0.461      2.89        23       416     0.498     0.551     0.564     0.521      2.19      0.92      8.43
   128/299     2.33G      1.69     0.732     0.583         3        24       416     0.512     0.514     0.529      0.51      2.14      0.95      8.01
   129/299     2.33G      1.72     0.729     0.529      2.97        15       416     0.656     0.623     0.632     0.596      2.09     0.899      6.71
   130/299     2.33G      1.71     0.717     0.609      3.03        33       416     0.557     0.626     0.637     0.563      2.04     0.882      5.32
   131/299     2.33G      1.69     0.686     0.535      2.91        21       416     0.578     0.629     0.591     0.572      2.09      0.88      5.64
   132/299     2.33G      1.69     0.736     0.574         3        23       416     0.639     0.605     0.589     0.574      2.09     0.883      6.61
   133/299     2.33G      1.69     0.721     0.554      2.97        20       416     0.657      0.62     0.596     0.588      2.08     0.884      6.27
   134/299     2.33G      1.66     0.709     0.517      2.89        30       416     0.637     0.615     0.631     0.577      2.11     0.874      5.67
   135/299     2.33G      1.66     0.725     0.577      2.96        26       416     0.662     0.665     0.639     0.626      2.08     0.881      5.47
   136/299     2.33G      1.65     0.705     0.602      2.96        21       416     0.666     0.646     0.636      0.62      2.03     0.881      5.87
   137/299     2.33G      1.65     0.734     0.504      2.89        26       416     0.729     0.642     0.634      0.64      2.11     0.893       5.9
   138/299     2.33G      1.65     0.711     0.449      2.81        23       416     0.668     0.614     0.622     0.594      2.15      0.89      5.68
   139/299     2.33G      1.65     0.709     0.408      2.77        19       416     0.665     0.602     0.623     0.589      2.08     0.914       6.3
   140/299     2.33G      1.66      0.74     0.405       2.8        22       416     0.627     0.623      0.64     0.596      2.06     0.895      5.95
   141/299     2.33G      1.65      0.69     0.604      2.95        27       416     0.672     0.649      0.63     0.622      2.06      0.87      6.25
   142/299     2.33G      1.62     0.722     0.461      2.81        30       416     0.553     0.632      0.63     0.582      2.03     0.884      5.88
   143/299     2.33G      1.59     0.702     0.454      2.75        15       416     0.606     0.606     0.598     0.583      2.09     0.907      6.06
   144/299     2.33G      1.64     0.708     0.654         3        24       416     0.617     0.637     0.623     0.597       2.1     0.887      5.96
   145/299     2.33G      1.64     0.717      0.41      2.77        24       416     0.689     0.625     0.617     0.618      2.06     0.902      5.92
   146/299     2.33G      1.64      0.71     0.548       2.9        22       416     0.652     0.574     0.636     0.566       2.1     0.898      7.12
   147/299     2.33G      1.63     0.707     0.505      2.84        16       416      0.67     0.649     0.654     0.611      2.05     0.866      6.26
   148/299     2.33G      1.59     0.714     0.492       2.8        24       416     0.562     0.648     0.637     0.594      2.04     0.906       6.1
   149/299     2.33G      1.61     0.711     0.488      2.81        24       416     0.591     0.622     0.635     0.599      2.05     0.886      6.99
   150/299     2.33G      1.59     0.695     0.495      2.78        29       416       0.7     0.634      0.63     0.624      2.02     0.863       6.7
   151/299     2.33G      1.59     0.692     0.454      2.73        28       416     0.555     0.603     0.608     0.574      2.06      0.89      6.76
   152/299     2.33G      1.59     0.687     0.474      2.75        28       416     0.535     0.632     0.612     0.577      1.97     0.874      7.08
   153/299     2.33G      1.58     0.682     0.366      2.63        19       416     0.528     0.618     0.582     0.566      2.02     0.865      8.17
   154/299     2.33G      1.62     0.714     0.437      2.77        19       416     0.553     0.625     0.605     0.584      2.01     0.894      7.12
   155/299     2.33G      1.58     0.671     0.486      2.74        20       416     0.539     0.624      0.59     0.577      2.01      0.91      6.77
   156/299     2.33G      1.57     0.675     0.445      2.69        27       416     0.631     0.589     0.636     0.606      2.02      0.92      7.04
   157/299     2.33G      1.55     0.662     0.391      2.61        22       416     0.548     0.645     0.642     0.589         2     0.914      6.86
   158/299     2.33G      1.58     0.681     0.441       2.7        23       416     0.716     0.658     0.659     0.643      1.99     0.888      6.08
   159/299     2.33G      1.55      0.69     0.465      2.71        18       416     0.553     0.623     0.617     0.584      2.02     0.895      6.78
   160/299     2.33G      1.56     0.675     0.408      2.65        23       416     0.578     0.617      0.61     0.593      2.03     0.902       7.2
   161/299     2.33G      1.54     0.682     0.465      2.69        23       416     0.603     0.669     0.643     0.631      2.08     0.916      7.37
   162/299     2.33G      1.57     0.658     0.445      2.67        18       416     0.606     0.619     0.621     0.606      2.09     0.909      7.24
   163/299     2.33G      1.54     0.667     0.422      2.63        22       416     0.606     0.605      0.63     0.599      2.01      0.92       6.4
   164/299     2.33G      1.56     0.687     0.394      2.65        25       416     0.565     0.664     0.672       0.6      1.99     0.889      6.56
   165/299     2.33G      1.53     0.657     0.389      2.58        20       416       0.7     0.655     0.659     0.627      1.99     0.914      6.62
   166/299     2.33G      1.51     0.662     0.359      2.53        18       416       0.7     0.636     0.655     0.623      2.01     0.929      6.45
   167/299     2.33G      1.55     0.684     0.469       2.7        23       416     0.721     0.661     0.639     0.647      1.99     0.917      6.96
   168/299     2.33G      1.54     0.685     0.575       2.8        24       416     0.687     0.636     0.627     0.614      2.02     0.948      6.93
   169/299     2.33G      1.54     0.683     0.389      2.61        23       416      0.73     0.638     0.646     0.638      1.96      0.95      6.75
   170/299     2.33G       1.5     0.651     0.325      2.47        18       416     0.725     0.651     0.673     0.642      1.99     0.939      6.46
   171/299     2.33G      1.51     0.669     0.397      2.58        21       416     0.728     0.635     0.666     0.643      1.99     0.933      6.09
   172/299     2.33G      1.51       0.7     0.408      2.62        23       416     0.558      0.62      0.64     0.578      1.96     0.893      6.14
   173/299     2.33G       1.5     0.648     0.373      2.52        24       416     0.574     0.645     0.628       0.6         2     0.917      6.68
   174/299     2.33G      1.52     0.698     0.396      2.61        22       416     0.738     0.665     0.665     0.657      1.99     0.943      6.31
   175/299     2.33G       1.5      0.63     0.377      2.51        25       416     0.697     0.661     0.674     0.646      2.01     0.942      5.91
   176/299     2.33G       1.5     0.675     0.403      2.58        18       416     0.723     0.646     0.662     0.648      2.01     0.937      5.85
   177/299     2.33G      1.51     0.673     0.395      2.57        22       416     0.738     0.677     0.696      0.67         2     0.914      5.71
   178/299     2.33G       1.5     0.673     0.332       2.5        23       416     0.729     0.645     0.689     0.658      1.96     0.925      5.66
   179/299     2.33G      1.48     0.648     0.315      2.44        23       416     0.761     0.652     0.692     0.662      1.98     0.934       5.4
   180/299     2.33G      1.46     0.636       0.3      2.39        26       416     0.757      0.66     0.679     0.662      1.98     0.944      5.57
   181/299     2.33G      1.49     0.641     0.276      2.41        18       416     0.717     0.666     0.679     0.642      1.97     0.938      6.18
   182/299     2.33G      1.47     0.649     0.444      2.57        18       416     0.724     0.704     0.695     0.661         2     0.926      6.15
   183/299     2.33G      1.47     0.655     0.457      2.58        24       416     0.593     0.648     0.663     0.615      1.97     0.939      6.64
   184/299     2.33G      1.49     0.668     0.359      2.51        31       416     0.619     0.602     0.643       0.6         2     0.955      6.13
   185/299     2.33G      1.48     0.667     0.491      2.64        32       416     0.607     0.613     0.645     0.607         2     0.935      5.92
   186/299     2.33G      1.47     0.664     0.373       2.5        20       416     0.568     0.567     0.635     0.565         2     0.945      6.29
   187/299     2.33G      1.46     0.652     0.313      2.42        23       416     0.747     0.672     0.664     0.665      1.98     0.951      6.21
   188/299     2.33G      1.42     0.645     0.251      2.31        26       416     0.718      0.66     0.642     0.641         2     0.932      6.41
   189/299     2.33G      1.45     0.659     0.316      2.42        18       416     0.675     0.667     0.661     0.624      1.97      0.93      6.46
   190/299     2.33G      1.43     0.651     0.375      2.46        25       416     0.586     0.624     0.648     0.599      1.97     0.932      7.14
   191/299     2.33G      1.45     0.638     0.272      2.36        25       416     0.555     0.617     0.612      0.58      1.97     0.947      7.28
   192/299     2.33G      1.46     0.687     0.311      2.46        23       416     0.703     0.654     0.645      0.63      1.96     0.934      6.67
   193/299     2.33G      1.45     0.654     0.436      2.54        17       416     0.748     0.624     0.633      0.64      1.97     0.991       6.4
   194/299     2.33G      1.42     0.629     0.301      2.35        25       416     0.653     0.619     0.668     0.629      1.98     0.979      6.09
   195/299     2.33G      1.42     0.621     0.298      2.34        20       416      0.62     0.607     0.665      0.61      1.94     0.956      6.07
   196/299     2.33G      1.42     0.649       0.3      2.37        27       416     0.716     0.634     0.652     0.632      1.97     0.939      6.18
   197/299     2.33G      1.43     0.632     0.355      2.42        20       416     0.762     0.647     0.647     0.655      1.96     0.954      6.43
   198/299     2.33G      1.46     0.644     0.407      2.51        22       416     0.631     0.642      0.65     0.627      1.99     0.982      6.45
   199/299     2.33G      1.43     0.624     0.367      2.42        18       416     0.617     0.616     0.644     0.608      1.98         1      6.51
   200/299     2.33G      1.41     0.636     0.314      2.36        23       416     0.615     0.638     0.643     0.621      2.01     0.993      6.47
   201/299     2.33G      1.43      0.65     0.363      2.44        27       416     0.606     0.619     0.646     0.603      1.98     0.968      6.33
   202/299     2.33G       1.4     0.663     0.295      2.36        21       416     0.783     0.643     0.671     0.668      1.95     0.976      6.23
   203/299     2.33G       1.4     0.646     0.312      2.36        23       416     0.742     0.637     0.657     0.643      1.98     0.956      5.99
   204/299     2.33G       1.4     0.636     0.377      2.41        23       416     0.696     0.613     0.635     0.612      1.99     0.959      6.65
   205/299     2.33G       1.4     0.652     0.303      2.36        18       416      0.73     0.617     0.644     0.628      1.97     0.959      6.29
   206/299     2.33G      1.39      0.64     0.416      2.44        15       416     0.715     0.624     0.655      0.62      1.95     0.969      6.41
   207/299     2.33G      1.39     0.644     0.309      2.34        19       416     0.726     0.615     0.648     0.622      1.98     0.995      6.45
   208/299     2.33G      1.37     0.636     0.218      2.22        23       416      0.73     0.598     0.624     0.614      1.99     0.981      6.87
   209/299     2.33G      1.39      0.63     0.376       2.4        19       416     0.689     0.583     0.612      0.59      1.99     0.973      7.09
   210/299     2.33G      1.37     0.638     0.249      2.26        28       416     0.745     0.641     0.643     0.649      1.98     0.958      6.48
   211/299     2.33G      1.37     0.626     0.241      2.24        30       416     0.598     0.614     0.633     0.602      1.96     0.947      6.51
   212/299     2.33G      1.37     0.614     0.419      2.41        20       416     0.597     0.598     0.639     0.593      1.96     0.957      6.65
   213/299     2.33G      1.38      0.63     0.285       2.3        18       416      0.63     0.628     0.661     0.625      1.93     0.973      6.36
   214/299     2.33G      1.36     0.627     0.299      2.29        20       416     0.729     0.619     0.662     0.631      1.96     0.965      6.42
   215/299     2.33G      1.37     0.649     0.328      2.35        24       416     0.719     0.642     0.644     0.638      1.97     0.952      6.78
   216/299     2.33G      1.36      0.63     0.216       2.2        21       416       0.7     0.606     0.631      0.61      1.97     0.949       6.9
   217/299     2.33G      1.33     0.615     0.305      2.25        23       416     0.568     0.587     0.624     0.573      1.96     0.956      6.72
   218/299     2.33G      1.36     0.634     0.401      2.39        27       416     0.578     0.589     0.624     0.577      1.97     0.963      6.46
   219/299     2.33G      1.36     0.623     0.306      2.29        27       416     0.563     0.591     0.613     0.572      1.96     0.971      6.63
   220/299     2.33G      1.34     0.626     0.317      2.28        20       416     0.594     0.609     0.628     0.596      1.96      0.97       6.7
   221/299     2.33G      1.36     0.608     0.273      2.24        21       416     0.599     0.594     0.646     0.592      1.95     0.982      6.44
   222/299     2.33G      1.33      0.64     0.312      2.28        21       416      0.71     0.599      0.66     0.606      1.96     0.974      6.31
   223/299     2.33G      1.32     0.591     0.247      2.15        12       416      0.59      0.59     0.631     0.583      1.97     0.978      6.42
   224/299     2.33G      1.37      0.62     0.321      2.31        35       416     0.615      0.64      0.66     0.621      1.93     0.983       6.1
   225/299     2.33G      1.33      0.63     0.339       2.3        21       416     0.601     0.645     0.669     0.618      1.95     0.977      5.99
   226/299     2.33G      1.35     0.587     0.223      2.16        22       416     0.588     0.632      0.67     0.605      1.94     0.965      5.86
   227/299     2.33G      1.35     0.633     0.319       2.3        24       416     0.699     0.618     0.644     0.613      1.95     0.966      5.95
   228/299     2.33G      1.32     0.607     0.181      2.11        23       416     0.703     0.619      0.64     0.616      1.95     0.973      6.09
   229/299     2.33G      1.34     0.639     0.289      2.27        22       416     0.707      0.63     0.643     0.624      1.93     0.968      5.96
   230/299     2.33G      1.33     0.629     0.291      2.25        20       416     0.703     0.652     0.663     0.633      1.91      0.97      5.99
   231/299     2.33G      1.34     0.613     0.212      2.17        18       416     0.717     0.652     0.655     0.639      1.91     0.972      6.07
   232/299     2.33G      1.33      0.59     0.244      2.16        26       416      0.72      0.64     0.643     0.636      1.93     0.985      6.19
   233/299     2.33G      1.34     0.628      0.28      2.25        21       416      0.72     0.629     0.654     0.629      1.93     0.989      6.33
   234/299     2.33G      1.31     0.603     0.169      2.08        19       416     0.723     0.638     0.648     0.635      1.93     0.992      6.35
   235/299     2.33G      1.32     0.602       0.2      2.12        21       416     0.708     0.629     0.659      0.62      1.92     0.983      6.23
   236/299     2.33G      1.31     0.602     0.331      2.24        17       416     0.734     0.653      0.65     0.644      1.93      0.99      6.21
   237/299     2.33G      1.34     0.607      0.28      2.23        21       416     0.747     0.672      0.67     0.661      1.92     0.982      6.11
   238/299     2.33G      1.34     0.618     0.226      2.18        20       416     0.719     0.656     0.669      0.64      1.91     0.978         6
   239/299     2.33G      1.31     0.602     0.313      2.23        26       416     0.727     0.648     0.653     0.641      1.92     0.983      5.97
   240/299     2.33G      1.31     0.589     0.233      2.13        41       416     0.746     0.644      0.66      0.65      1.91     0.987      6.03
   241/299     2.33G      1.32     0.629     0.227      2.18        22       416     0.752     0.643     0.652     0.649      1.92     0.995      6.01
   242/299     2.33G       1.3     0.605      0.32      2.23        19       416     0.709     0.633     0.658     0.624      1.92     0.992      5.95
   243/299     2.33G       1.3      0.63     0.262       2.2        19       416     0.724     0.618     0.653     0.626      1.93     0.998      5.92
   244/299     2.33G      1.33      0.63     0.285      2.24        28       416      0.76     0.642     0.652     0.655      1.93     0.999      5.94
   245/299     2.33G       1.3     0.602     0.236      2.14        30       416      0.77     0.641     0.657      0.66       1.9         1      5.95
   246/299     2.33G      1.33     0.625     0.258      2.21        31       416      0.76      0.66     0.652     0.662      1.91         1      6.09
   247/299     2.33G      1.31     0.605     0.285       2.2        17       416     0.756     0.662     0.655     0.661      1.91     0.999      6.11
   248/299     2.33G      1.29     0.591     0.231      2.11        28       416     0.752     0.649     0.647     0.653      1.91         1      6.16
   249/299     2.33G      1.33     0.595     0.254      2.18        22       416     0.752     0.646     0.651     0.651      1.91         1      6.23
   250/299     2.33G      1.29     0.631     0.271      2.19        22       416     0.743     0.632     0.645      0.64      1.92      1.01      6.28
   251/299     2.33G      1.33     0.615     0.146      2.09        22       416      0.74     0.629     0.639     0.637      1.91      1.01      6.31
   252/299     2.33G      1.28     0.619     0.189      2.09        24       416     0.736     0.632     0.636     0.637      1.92      1.01      6.29
   253/299     2.33G      1.27     0.585     0.231      2.09        20       416     0.758     0.649     0.651     0.656      1.92      1.01      6.24
   254/299     2.33G      1.29     0.623     0.214      2.13        29       416     0.748     0.652     0.645     0.652      1.93      1.01      6.24
   255/299     2.33G      1.31     0.597     0.253      2.16        17       416     0.743      0.65      0.65     0.649      1.93      1.01      6.33
   256/299     2.33G      1.27     0.601     0.241      2.11        24       416     0.748     0.642      0.64     0.648      1.93      1.01      6.41
   257/299     2.33G       1.3      0.61     0.174      2.08        23       416     0.718      0.62     0.634     0.622      1.93      1.01      6.42
   258/299     2.33G       1.3     0.596     0.233      2.12        26       416     0.735     0.622     0.628     0.632      1.93      1.01       6.5
   259/299     2.33G      1.29     0.599     0.253      2.14        28       416     0.738     0.619     0.632     0.631      1.93      1.01      6.52
   260/299     2.33G      1.28     0.625     0.176      2.08        33       416     0.744     0.619     0.637     0.634      1.93      1.01      6.44
   261/299     2.33G       1.3     0.577     0.261      2.14        24       416       0.7     0.594     0.635       0.6      1.93      1.01      6.36
   262/299     2.33G      1.27     0.604     0.235      2.11        35       416      0.75      0.63     0.644     0.641      1.93      1.01      6.32
   263/299     2.33G      1.28     0.617       0.2       2.1        20       416     0.755     0.639     0.656     0.648      1.93      1.01      6.31
   264/299     2.33G      1.28     0.611     0.148      2.04        25       416      0.75      0.64     0.651     0.646      1.93      1.01       6.3
   265/299     2.33G      1.29     0.597     0.291      2.18        19       416     0.756     0.637      0.65     0.647      1.93      1.01      6.28
   266/299     2.33G      1.27     0.608     0.269      2.14        35       416     0.748     0.638     0.651     0.646      1.92      1.01      6.31
   267/299     2.33G      1.28     0.618     0.221      2.12        23       416      0.72     0.621     0.639     0.624      1.91         1      6.29
   268/299     2.33G      1.26     0.606     0.218      2.09        35       416     0.731     0.632     0.655     0.635      1.92         1      6.29
   269/299     2.33G      1.28      0.57     0.138      1.98        25       416     0.749     0.641     0.656     0.648      1.92         1      6.27
   270/299     2.33G      1.27     0.582     0.276      2.13        22       416     0.718     0.623     0.644     0.624      1.92      1.01      6.27
   271/299     2.33G      1.28     0.611     0.187      2.08        24       416     0.716     0.625     0.642     0.623      1.91      1.01      6.28
   272/299     2.33G      1.28     0.614     0.275      2.17        31       416     0.719     0.627     0.641     0.626      1.91         1       6.3
   273/299     2.33G      1.28     0.615     0.191      2.08        19       416     0.718     0.634     0.643      0.63      1.92         1      6.32
   274/299     2.33G      1.31     0.624     0.231      2.16        32       416     0.733     0.632      0.64     0.635      1.92         1      6.34
   275/299     2.33G      1.26     0.592     0.242       2.1        21       416     0.741     0.633     0.642     0.638      1.92         1      6.34
   276/299     2.33G      1.29     0.601     0.168      2.06        24       416     0.731     0.634     0.643     0.635      1.91         1      6.33
   277/299     2.33G      1.24     0.597     0.268      2.11        21       416     0.748     0.644     0.651     0.647      1.92         1      6.32
   278/299     2.33G      1.26     0.592     0.215      2.07        29       416     0.736     0.632     0.641     0.636      1.92     0.999      6.33
   279/299     2.33G      1.27       0.6     0.208      2.08        23       416     0.737      0.63      0.64     0.635      1.92     0.999      6.34
   280/299     2.33G      1.26     0.585     0.311      2.16        18       416     0.725     0.628     0.646     0.629      1.92         1      6.35
   281/299     2.33G      1.27     0.625     0.175      2.07        25       416     0.733     0.631     0.646     0.634      1.92     0.999      6.35
   282/299     2.33G      1.24     0.589     0.193      2.02        17       416     0.739     0.631     0.644     0.637      1.92     0.999      6.36
   283/299     2.33G      1.26     0.607     0.146      2.02        26       416     0.719     0.612     0.644     0.617      1.92     0.999      6.35
   284/299     2.33G      1.28     0.611     0.263      2.16        24       416     0.748     0.645     0.656     0.648      1.92         1      6.33
   285/299     2.33G      1.29     0.602     0.217      2.11        21       416     0.751     0.645     0.655      0.65      1.92         1      6.31
   286/299     2.33G      1.26     0.594      0.23      2.09        16       416     0.747     0.645     0.655     0.648      1.92         1      6.31
   287/299     2.33G      1.25     0.608     0.177      2.04        21       416     0.756     0.645     0.657     0.652      1.92         1       6.3
   288/299     2.33G      1.27     0.604     0.212      2.09        23       416     0.755     0.645     0.657     0.652      1.92         1       6.3
   289/299     2.33G      1.28     0.635     0.246      2.16        28       416     0.755     0.644     0.655     0.651      1.92         1      6.29
   290/299     2.33G      1.29     0.625     0.229      2.15        22       416     0.739     0.644      0.65     0.644      1.92         1      6.29
   291/299     2.33G       1.3     0.632     0.234      2.17        28       416     0.741     0.643     0.649     0.644      1.92         1      6.31
   292/299     2.33G      1.28     0.616     0.383      2.27        24       416     0.738     0.643     0.646     0.643      1.92         1       6.3
   293/299     2.33G      1.28     0.589     0.183      2.05        26       416     0.739     0.643     0.649     0.643      1.92         1      6.31
   294/299     2.33G      1.28     0.623     0.206      2.11        21       416     0.737     0.643     0.648     0.642      1.92         1       6.3
   295/299     2.33G      1.29     0.616      0.16      2.06        27       416     0.736     0.644     0.648     0.642      1.92         1       6.3
   296/299     2.33G      1.25     0.585      0.25      2.08        29       416     0.736     0.644     0.646     0.642      1.92         1       6.3
   297/299     2.33G      1.27     0.633     0.185      2.09        24       416     0.736     0.644     0.649     0.642      1.92         1       6.3
   298/299     2.33G      1.27     0.569     0.238      2.08        27       416     0.737     0.644     0.649     0.642      1.92         1       6.3
   299/299     2.33G      1.24     0.587     0.208      2.03        20       416     0.736     0.643     0.672     0.642      1.92         1      6.29
