1650353297239
1650353301479
1650353309852
1650353318525
1650353322616
1650353326621
1650353334856
1650353338947
1650353347116
1650353355521
1650353363785
1650353368130
1650353372484
1650353376454
1650353380426
1650353384565
1650353392997
1650353397175
1650353405497
1650353409790
1650353413881
1650353417964
1650353421815
1650353425978
1650353433726
1650353437573
1650353441257
1650353445037
1650353452951
1650353456915
1650353460819
1650353492264
1650353496121
1650353500072
1650353508147
1650353515968
1650353523436
1650353527146
1650353546561
1650353550514
1650353554169
1650353558086
1650353562010
1650353566138
1650353574170
1650353601891
1650353605756
1650353609550
1650353613435
1650353616908
1650353620370
1650353623828
